8
0 2.8060 0.0
6 0.1600 -2.60000
0 0.1530 0.0
4 0.5000 -1.405030 
0 0.1530 0.0
6 0.1600 3.40000
0 0.1530 0.0
4 0.2500 2.014970 
0 0.4200 0.0
1 0.8550 4.354480
2 0.8550 4.354480 
1 0.8550 4.354480
0 0.4200 0.0
4 0.2000 1.897570 
0 0.3070 0.0
6 0.1600 2.19840
0 0.2880 0.0
4 0.2500 -2.451900 
0 0.1600 0.0
6 0.2100 -2.58062
0 0.1600 0.0
4 0.2500 -2.451900 
0 0.2880 0.0
6 0.1600 2.19840 
0 0.3070 0.0
4 0.2000 1.897570 
0 0.4200 0.0
1 0.8550 4.354480
2 0.8550 4.354480 
1 0.8550 4.354480
0 0.4200 0.0
4 0.2500 2.463190 
0 0.1530 0.0
6 0.1600 3.00000 
0 0.1530 0.0
4 0.5000 -2.620810 
0 0.1530 0.0
6 0.1600 -4.20000 
0 0.1530 0.0
4 0.2000 2.600000 
0 2.4530 0.0
0 2.4530 0.0
4 0.2000 2.600000 
0 0.1530 0.0
6 0.1600 -4.20000 
0 0.1530 0.0
4 0.5000 -2.620810 
0 0.1530 0.0
6 0.1600 3.00000 
0 0.1530 0.0
4 0.2500 2.463190 
0 0.4200 0.0
1 0.8550 4.354480
2 0.8550 4.354480 
1 0.8550 4.354480
0 0.4200 0.0
4 0.2000 1.897570 
0 0.3070 0.0
6 0.1600 2.19840 
0 0.2880 0.0
4 0.2500 -2.451900 
0 0.1600 0.0
6 0.2100 -2.58062 
0 0.1600 0.0
4 0.2500 -2.451900 
0 0.2880 0.0
6 0.1600 2.19840 
0 0.3070 0.0
4 0.2000 1.897570 
0 0.4200 0.0
1 0.8550 4.354480
2 0.8550 4.354480 
1 0.8550 4.354480
0 0.4200 0.0
4 0.2500 2.014970 
0 0.1530 0.0
6 0.1600 3.40000 
0 0.1530 0.0
4 0.5000 -1.405030 
0 0.1530 0.0
6 0.1600 -2.60000 
0 2.8060 0.0
-1